weights = [-0.02574055 -0.18078949  0.10880617  0.07188262]


 Coordinates - X, Y, Y_Predicted
0.750071997655	0.977407943756	1	1
0.877913692339	0.0192510085957	-1	-1
0.77732460333	0.994065963386	1	1
0.181158279791	0.460749439476	1	1
0.114564119412	0.0675546549038	1	-1
0.586773526204	0.165250304353	-1	-1
0.76959769184	0.125167820172	-1	-1
0.543699911709	0.454334876256	-1	-1
0.985533772031	0.715862577918	1	-1
0.715001500639	0.463316866316	-1	-1
0.725526359177	0.371881975145	-1	-1
0.682013998306	0.964780524911	1	-1
0.520881630697	0.237550500407	-1	-1
0.615247834481	0.606019815274	1	-1
0.426484809588	0.938331459529	-1	1
0.410739165323	0.904978900085	-1	1
0.898877783935	0.476087906801	1	-1
0.508679945152	0.211838291733	1	-1
0.038623421398	0.112996193638	-1	-1
0.625610907793	0.594473493748	1	-1
0.592145895318	0.964324918551	1	1
0.640571248078	0.0998644474986	-1	-1
0.406224825597	0.940193021979	-1	1
0.216362669088	0.75247914511	1	1
0.724486292127	0.810552415118	-1	-1
0.821364248386	0.135702843692	-1	-1
0.244116215253	0.350258142519	-1	1
0.517684702154	0.0281751880956	-1	-1
0.50321328997	0.851889408268	1	1
0.745051603941	0.172016549843	-1	-1
0.475515340417	0.358013322536	-1	-1
0.578477581267	0.670316506045	1	-1
0.952098417898	0.637919822178	-1	-1
0.423371578696	0.426006699499	1	-1
0.145588213065	0.816732948579	1	1
0.346697839061	0.670999466287	-1	-1
0.644297373631	0.569530243116	1	-1
0.157095071044	0.0790961669759	1	1
0.929820675052	0.517094775475	1	-1
0.362617097456	0.235371873444	1	-1
0.0456061503961	0.366173569946	1	1
0.402518214163	0.396228893127	1	-1
0.658091765296	0.708997341925	1	-1
0.536629433973	0.666245859705	-1	-1
0.436570432325	0.215304257073	1	-1
0.787273262543	0.0940692457222	1	-1
0.555359235871	0.4799449264	1	-1
0.16513731071	0.309370839425	1	1
0.236537824883	0.449282678657	-1	-1
0.161292613429	0.909876098541	-1	1
0.959192977995	0.231073840799	-1	-1
0.836824045981	0.206350175024	1	-1
0.460790992544	0.853097569399	-1	-1
0.194411651507	0.573642132448	-1	1
0.210205702378	0.0180266210983	-1	1
0.322673960721	0.356846543752	-1	-1
0.382080765181	0.931947083529	1	1
0.165019333454	0.506384977227	-1	1
0.300173514848	0.801959057533	1	1
0.512049591499	0.511055629442	1	-1
0.194111274079	0.256394264557	1	-1
0.474143283735	0.551116812518	1	-1
0.936422765333	0.910347227835	-1	-1
0.293179714956	0.018764902	-1	-1
0.634068590748	0.415172999413	1	-1
0.266138746403	0.590377155437	1	1
0.276314632777	0.0799204625392	1	1
0.91481403681	0.23346787184	-1	-1
0.418203556266	0.997760255256	1	1
0.210642767948	0.0733079610879	1	-1
0.03019594068	0.254280258759	-1	1
0.0873712921094	0.636773911604	-1	1
0.100769985828	0.418342310463	1	1
0.743013040149	0.0554428655888	1	-1
0.924628394418	0.0286680277819	-1	-1
0.598282487773	0.669525540508	-1	-1
0.921550325354	0.924505840695	1	-1
0.33848609715	0.187074089465	-1	-1
0.484384778021	0.214113430411	1	-1
0.90958798376	0.932864817762	-1	-1
0.381867210642	0.573678903604	-1	-1
0.628564129093	0.608236141029	-1	-1
0.520776816139	0.0855948519785	1	-1
0.452633270281	0.786124824769	1	1
0.331292876267	0.726475015429	1	1
0.0186971841995	0.889557267171	1	1
0.50061503835	0.606810546193	1	-1
0.813600641633	0.496284831337	1	-1
0.791353373371	0.466688756443	1	-1
0.33542907261	0.547343537539	-1	-1
0.245867457255	0.223454041246	-1	-1
0.748621682558	0.300443286518	1	-1
0.795317484513	0.594815010174	1	-1
0.768249917504	0.352707357767	1	-1
0.162837455804	0.98432675779	1	1
0.985968160325	0.928023821708	-1	-1
0.158414559103	0.177017400983	-1	1
0.211321195431	0.109229006672	-1	-1
0.618492328683	0.977842245303	1	1
0.114920120833	0.0840029830339	1	-1
0.533597746447	0.335334034604	1	-1
0.539577646006	0.478411833223	1	-1
0.190834822562	0.789987506279	1	1
0.597310550584	0.993240013288	-1	1
0.811886619822	0.34033439423	1	-1
0.969772167728	0.273068337067	1	-1
0.84886166538	0.535064730484	1	-1
0.42719656202	0.616298876541	-1	-1
0.0207155672805	0.654737718509	1	1
0.896164950775	0.319093467307	-1	-1
0.642683683884	0.923082798484	1	1
0.0613838764694	0.439650748495	-1	1
0.673146245146	0.432736191999	1	-1
0.863526130137	0.598074986075	-1	-1
0.362701191049	0.372625376756	1	-1
0.525262932595	0.952045850567	1	1
0.213919185767	0.827556058831	-1	1
0.775942857707	0.554196879052	-1	-1
0.342848999518	0.477322230976	1	1
0.761114294717	0.104292867816	-1	-1
0.77416581523	0.0430293349184	1	-1
0.22151660194	0.300938234489	-1	1
0.607930471385	0.238287296291	1	-1
0.292814532114	0.631504967121	-1	1
0.902088086065	0.484259157957	1	-1
0.800004704579	0.554459134934	-1	-1
0.172248174056	0.347192834032	1	1
0.403259640794	0.0962232340796	1	-1
0.481937142055	0.192617025154	1	-1
0.57187290216	0.355047373712	-1	-1
0.701518635663	0.652443519085	1	-1
0.894520920248	0.410223368906	1	-1
0.814679289706	0.994296234199	1	-1
0.28223066594	0.304898474698	-1	1
0.609821353021	0.614660705547	-1	-1
0.453780338244	0.197719778798	-1	-1
0.445369566658	0.464095302116	-1	-1
0.307885278553	0.455829472298	1	-1
0.40111666576	0.429939400485	-1	1
0.837446916066	0.982888832508	1	-1
0.773636731965	0.48729944944	-1	-1
0.926865898422	0.854969971566	-1	-1
0.470976187707	0.166550660708	-1	-1
0.0785450955938	0.932724858059	1	1
0.804121177396	0.39973714957	1	-1
0.691288383547	0.932256795161	-1	1
0.395804545824	0.133824070569	1	-1
0.313773128719	0.652770719731	-1	1
0.478895138033	0.96697642478	-1	1
0.328299885013	0.0330318256323	-1	-1
0.553870245418	0.211185489389	1	-1
0.809700582827	0.0670440750663	1	-1
0.711830805237	0.187285637644	-1	-1
0.916704898697	0.25964408409	1	-1
0.671208761373	0.625408656236	1	-1
0.086962561898	0.0896705699524	-1	1
0.786103988334	0.601242053581	-1	-1
0.206598723596	0.144835153302	-1	-1
0.539382515787	0.689530933805	-1	-1
0.154075668352	0.627659003253	1	1
0.159203831033	0.700766766072	-1	1
0.321052278694	0.196871898555	1	1
0.590077391931	0.24135556649	-1	-1
0.0959189796251	0.551132928833	1	1
0.713384203622	0.103823290811	-1	-1
0.501578160615	0.647375654059	1	-1
0.535603322842	0.80806370017	1	1
0.0900606308448	0.197016127741	1	1
0.389691490319	0.237157324942	-1	-1
0.082827555567	0.939848927828	-1	1
0.570527211649	0.720106600723	-1	-1
0.649961392279	0.379100291128	1	-1
0.324585266238	0.275941638485	-1	1
0.028385335012	0.43747758613	1	1
0.141144151538	0.361902411431	1	1
0.425950808855	0.113390792979	1	-1
0.611471899622	0.878309916027	1	-1
0.680731287411	0.361469290599	-1	-1
0.496120741219	0.115635536487	1	-1
0.448392462336	0.913758644763	-1	1
0.443905040055	0.275909131284	-1	-1
0.0441939592804	0.430325349314	1	1
0.835785467886	0.146865940532	1	-1
0.544384066484	0.710937106189	1	1
0.479115741401	0.991468752091	1	1
0.136123753848	0.557851881443	-1	1
0.346971987491	0.673547489257	1	1
0.564511606007	0.973094286959	-1	1
0.650467586797	0.578452726316	-1	-1
0.25158345498	0.850256794871	1	1
0.889143608998	0.543387075413	-1	-1
0.693290261795	0.509013512303	-1	-1
0.81391833988	0.750298523582	-1	-1
0.291755715094	0.721549704799	-1	1
0.83264677878	0.756093405793	1	-1
0.668916870589	0.241415458562	1	-1
0.874021447645	0.455709646576	1	-1
0.386567870092	0.142356229183	1	-1
0.771792427938	0.7977977923	-1	-1
0.606406529036	0.823618642706	1	-1
0.947315777687	0.04651190438	1	-1
0.996533804202	0.824378025892	-1	-1
0.744073454853	0.377162924127	-1	-1
0.889676922181	0.795387970942	-1	-1
0.450998130262	0.69904587759	1	1
0.817170556782	0.492212751985	1	-1
0.36700463857	0.318939292177	1	1
0.354360490111	0.303900160701	-1	-1
0.425017649858	0.929084557517	1	1
0.590924733504	0.113071997746	-1	-1
0.256326211975	0.270976715977	1	1
0.120600256949	0.391577279238	1	1
0.439523051903	0.961283333687	-1	1
0.895689512442	0.0972865073197	-1	-1
0.443353563058	0.356117362468	-1	-1
0.802274898248	0.70054749354	-1	-1
0.682868235104	0.96875942701	1	1
0.437084919775	0.0563915918921	1	-1
0.131770728259	0.351697482502	-1	1
0.472290613469	0.43414167242	-1	-1
0.998931001601	0.663226203569	-1	-1
0.926136084707	0.0431266111796	1	-1
0.551611597068	0.609300725586	1	1
0.178190394774	0.0168104030756	-1	-1
0.0513050618789	0.168665437725	-1	1
0.593865238827	0.78124255107	-1	-1
0.215763188266	0.793965562294	-1	1
0.172441561282	0.693301815075	-1	1
0.335062743043	0.928997446967	-1	1
0.383785378535	0.445616116987	1	-1
0.160758993458	0.828635772064	-1	1
0.531332893959	0.738219954892	1	1
0.360832482919	0.669475030265	-1	1
0.309635474604	0.0730495079599	1	-1
0.930589914323	0.145890917886	1	-1
0.143710445462	0.56986743406	1	1
0.384501623789	0.61155584235	1	1
0.572149998002	0.723737113941	1	1
0.776944854291	0.981446075269	1	-1
0.504014630033	0.133010455429	-1	-1
0.987485515896	0.00229270462022	-1	-1
0.0212377024266	0.794723855747	1	1
0.0396334456316	0.293180947026	1	1
0.890043203069	0.179464569815	-1	-1
0.872573319864	0.896481222802	-1	-1
0.795274338058	0.541083325053	-1	-1
0.504463416886	0.689391279527	1	-1
0.709470892211	0.655428304865	-1	-1
0.628971434755	0.0669675694487	-1	-1
0.755151463052	0.994022517582	1	-1
0.28877253742	0.220113511302	1	-1
0.822694573452	0.168095606454	-1	-1
0.939256361716	0.981581861775	-1	-1
0.384110873741	0.884210635159	-1	1
0.145080804447	0.62557832557	-1	1
0.739081120379	0.312721244283	-1	-1
0.00260426496177	0.797489619679	1	1
0.69036474036	0.785966668287	-1	-1
0.513375812024	0.670131223937	-1	1
0.0298854617757	0.505045641948	-1	1
0.0840991585217	0.589471409674	-1	1
0.544849688061	0.254242415946	-1	-1
0.353092429025	0.367061017176	-1	-1
0.870777941246	0.564362578799	1	-1
0.468928392815	0.113985592367	-1	-1
0.696788339823	0.756929807217	-1	-1
0.31018133276	0.546745983206	1	1
0.674827336351	0.250804921137	1	-1
0.885643545514	0.725705946545	-1	-1
0.399150896554	0.787339598145	-1	1
0.946453607968	0.112900154	-1	-1
0.752223669752	0.532348170927	1	-1
0.572791990504	0.972009144531	1	1
0.388137366022	0.113753033303	1	-1
0.722677498242	0.773631741784	1	-1
0.822321837457	0.320966995831	-1	-1
0.550966570669	0.153030426596	1	-1
0.868752872272	0.0174555558181	-1	-1
0.257463128061	0.387130192147	1	1
0.0868421448988	0.680245500369	-1	1
0.431803528688	0.64110682389	1	1
0.231473724839	0.825970008888	1	1
0.582856001847	0.79831428669	-1	1
0.792077975771	0.312420825748	1	-1
0.644002692323	0.744146118681	1	-1
0.624199647926	0.144571742948	1	-1
0.776925994253	0.958118376967	1	-1
0.714841542203	0.404195579538	1	-1
0.837154973261	0.00396789369811	-1	-1
0.422033890638	0.645209487909	1	-1
0.281517916406	0.0710671650407	-1	-1
0.0848271985219	0.394439851057	1	1
0.683816169078	0.948012595284	-1	1
0.887056482503	0.0117756840825	1	-1
0.51497448848	0.121552816203	1	-1
0.723869545967	0.194035097963	-1	-1
0.200514733283	0.0871723893811	1	-1
0.223431264496	0.773959598835	-1	1
0.237677526984	0.80629001301	-1	1
0.989268970891	0.403383885028	-1	-1
0.019943307732	0.996563500831	1	1
0.203811504422	0.018282051341	1	-1
0.833806050704	0.484327756272	-1	-1
0.92441160857	0.370276402859	-1	-1
0.187249544188	0.00989257080999	-1	-1
0.731406519792	0.428351963808	1	-1
0.0212933853785	0.641947480432	1	1
0.102630824896	0.77013376765	-1	1
0.238344495144	0.0837753906338	1	1
0.347637951033	0.287597673421	-1	-1
0.387229463712	0.634828432142	-1	1
0.393370681568	0.766448624259	-1	1
0.327244308568	0.148168073821	1	-1
0.333485253441	0.0131623247095	1	-1
0.501156605313	0.632477570228	1	-1
0.685176626733	0.0519256386938	-1	-1
0.647685500041	0.767085427986	1	-1
0.637311718183	0.582660971935	-1	-1
0.343088752477	0.0695190444311	-1	-1
0.481178050407	0.221644234	-1	-1
0.0101476358901	0.15079605853	-1	1
0.447084773707	0.018738613197	1	-1
0.622755450799	0.82530984935	1	-1
0.805464377576	0.803285106488	1	-1
0.865397060346	0.388327340096	1	-1
0.576518699614	0.70228198184	1	-1
0.33263853451	0.939744337236	1	1
0.69093196031	0.631947948383	-1	-1
0.4740134068	0.185373692419	1	-1
0.151196394018	0.985480171508	-1	1
0.450274638564	0.5513451275	1	-1
0.773891289912	0.394507934433	1	-1
0.84554560473	0.0173004893975	-1	-1
0.356204045587	0.633500334461	-1	1
0.725765947754	0.603408638335	1	-1
0.283707103772	0.0983611695644	1	-1
0.000222455612804	0.1284400549	1	1
0.454239853054	0.327458652056	-1	-1
0.341216472591	0.671842983472	1	1
0.0620922030784	0.653148848741	-1	1
0.109874403004	0.741955007583	-1	1
0.62925985656	0.894322304861	-1	-1
0.227784156585	0.272839394024	-1	-1
0.0313485620487	0.342615520918	-1	1
0.701151162501	0.406226499567	-1	-1
0.580956576228	0.659057348946	1	-1
0.146565679086	0.0026248781036	-1	-1
0.165322844207	0.908859456204	-1	1
0.745767517127	0.663601549068	1	-1
0.763087939348	0.529433330918	1	-1
0.221178162667	0.780065727126	-1	1
0.20183191959	0.960608883075	-1	1
0.704186888271	0.929287175903	-1	-1
0.384403454729	0.569479476625	-1	1
0.263573574149	0.180606649447	-1	-1
0.680162433025	0.456444570122	-1	-1
0.66395430651	0.171750742828	-1	-1
0.0488901566917	0.0222148154496	1	1
0.159226607032	0.706949071318	-1	1
0.628123618709	0.283388540591	-1	-1
0.0516649015416	0.0405876721251	-1	1
0.00222004714213	0.649237733764	-1	1
0.273512756026	0.112975178972	1	-1
0.817925075724	0.200267491119	1	-1
0.809887014797	0.776334582669	-1	-1
0.555619896606	0.150523671485	1	-1
0.802966921552	0.675439684629	1	-1
0.0653701255714	0.0543369870153	-1	1
0.131173157793	0.741121691781	-1	1
0.213899452715	0.486253388443	-1	-1
0.916825765073	0.0203755212496	1	-1
0.222566565332	0.929537900646	-1	1
0.191397300456	0.0298130028683	1	-1
0.172170872468	0.378079128286	-1	1
0.650932524245	0.725098317403	-1	-1
0.881905464159	0.250145703945	1	-1
0.238587531552	0.00929319786684	1	-1
0.890433466289	0.92346544651	-1	-1
0.0439426855444	0.571261719722	-1	1
0.166879390603	0.598495579503	-1	1
0.581237610093	0.784882730606	1	-1
0.278584186623	0.694440005365	1	1
0.200576767762	0.611898868551	-1	1
0.728583847396	0.948145230791	1	-1
0.173353227488	0.848664853528	-1	1
0.325818836455	0.284683547367	1	1
0.0352464374776	0.539533776558	1	1
0.741672720894	0.481996648471	-1	-1
0.185967495975	0.570568184186	-1	1
0.444617333404	0.0821072147389	-1	-1
0.315091390125	0.266939697016	1	1
0.760027411785	0.898973651866	-1	-1
0.983965362331	0.221994930503	1	-1
0.315147717245	0.197500774365	1	1
0.763379454926	0.564595533182	1	-1
0.65824908809	0.252314199635	1	-1
0.302469546436	0.929991747519	1	1
0.844704478633	0.734255202271	-1	-1
0.798557254232	0.719060703396	-1	-1
0.536023678882	0.138034353711	1	-1
0.603309807556	0.705744736848	1	-1
0.940215533148	0.260473777114	1	-1
0.0562274924812	0.366269288737	1	1
0.097465382779	0.936083564134	-1	1
0.0619822583573	0.376398045509	-1	1
0.560483970537	0.376753842701	1	-1
0.399227735402	0.552217418891	1	-1
0.880292517861	0.0934881846841	1	-1
0.570402098397	0.895395484982	1	1
0.50720952097	0.628812277543	-1	-1
0.0969227005711	0.834942809065	-1	1
0.147907906543	0.0545176183001	1	-1
0.757922684095	0.60091325094	-1	-1
0.955623315195	0.958367130576	-1	-1
0.207925198731	0.687645576474	-1	1
0.657284918364	0.946972926597	-1	-1
0.306289699161	0.376151606478	1	1
0.547017797231	0.552951348054	-1	-1
0.0678810210099	0.166003778414	-1	1
0.935143177002	0.691024026166	-1	-1
0.808749490239	0.0682039536594	-1	-1
0.938496485745	0.953404468665	-1	-1
0.055471887621	0.326968108962	-1	1
0.873736988826	0.268533833893	-1	-1
0.969034721216	0.224410503472	1	-1
0.132316302087	0.146213674975	1	1
0.371019905281	0.560811443204	-1	1
0.951851201961	0.35278820788	-1	-1
0.743193529087	0.0762004412321	-1	-1
0.380217857768	0.802639064458	1	1
0.874986060621	0.245059328132	-1	-1
0.741084257658	0.349377334434	-1	-1
0.247597086528	0.779836115245	-1	1
0.240041615355	0.724828022897	-1	1
0.897769045485	0.239708515791	1	-1
0.153676461194	0.856464731465	-1	1
0.61089008798	0.218015707959	1	-1
0.721095160588	0.280383052556	-1	-1
0.196152046972	0.0605151929906	-1	-1
0.106343309955	0.690470005857	1	1
0.975502012085	0.931394790429	-1	-1
0.577466921913	0.334720826039	-1	-1
0.838362240608	0.0253209550778	-1	-1
0.958905508506	0.765273942216	1	-1
0.506796672029	0.277998158937	-1	-1
0.30292366704	0.859641489883	-1	1
0.477506250859	0.277619700519	-1	-1
0.703938866912	0.222354766455	-1	-1
0.955774793552	0.400259068444	1	-1
0.946516153914	0.0706850033691	1	-1
0.562400589314	0.1908538515	-1	-1
0.411062936266	0.175830566422	-1	-1
0.663621623285	0.283689152977	-1	-1
0.133067161022	0.804368574932	-1	1
0.0662819216235	0.531099670428	1	1
0.0474279483508	0.865384004021	1	1
0.923757560263	0.626039854612	1	-1
0.452998626754	0.337759405648	1	-1
0.35898677457	0.860169481685	1	1
0.282596086094	0.644368703339	-1	1
0.513391087897	0.7312674168	-1	-1
0.258454219166	0.434554840136	-1	-1
0.68729326539	0.940170508655	1	1
0.251149348487	0.203483678072	-1	-1
0.0835816664371	0.779548706014	-1	1
0.418980329326	0.114967152792	-1	-1
0.132361617934	0.203409631492	1	1
0.056987133472	0.0784328341004	-1	1
0.873867327833	0.991484684297	-1	-1
0.713599942317	0.768278119267	1	-1
0.80937258261	0.384210728466	-1	-1
0.411043206171	0.338460758563	-1	-1
0.573754363364	0.0191919477939	-1	-1
0.311539655233	0.945739563572	-1	1
0.39161846878	0.498137157257	1	1
0.793306599092	0.661236406562	1	-1
0.877853180769	0.707505346437	-1	-1
0.921977652085	0.993916596708	1	-1
0.826009450882	0.614152375819	1	-1
0.694170874412	0.0695080547123	1	-1
0.276975445327	0.840977344065	-1	1
0.399375704737	0.999789798222	1	1
0.702540366755	0.711447246418	-1	-1
0.793323704494	0.393111221556	1	-1
0.660174263151	0.251267909735	1	-1
0.0356863754507	0.415400322666	1	1
0.130509226339	0.046048294077	-1	-1
0.911751900393	0.408209088948	-1	-1
0.140244962297	0.457189393595	1	1
0.142428218802	0.142530510565	1	1
0.136805375435	0.362566282481	1	1
0.636564150657	0.770100269538	-1	-1
0.0570580625306	0.0522737873305	1	1
0.972939294668	0.892428432051	1	-1
0.915194114052	0.46258671819	-1	-1
0.327487901215	0.660258200412	-1	-1
0.478436266437	0.26865674889	-1	-1
0.869282020427	0.212568624178	1	-1
0.625361706225	0.398242972548	1	-1
0.433630163565	0.0628303411059	-1	-1
0.615247885732	0.169330373978	1	-1
0.912285745654	0.644971657021	1	-1
0.826043843761	0.659481799283	-1	-1
0.81879696792	0.308330823556	1	-1
0.998173804449	0.38056748305	1	-1
0.509047230998	0.899285205941	-1	-1
0.921938039113	0.116080416717	-1	-1
0.831151093946	0.963690700138	-1	-1
0.0484555798286	0.388587141868	-1	1
0.834232568052	0.743790714207	-1	-1
0.132096267905	0.384372874138	1	1
0.0910897908996	0.52343853824	1	1
0.330151725175	0.217513370451	-1	-1
0.777320124542	0.896324833529	-1	-1
0.152047048794	0.6800318301	-1	1
0.428307400942	0.599780869974	1	-1
0.0118455128953	0.135795772356	1	1
0.412342257611	0.708626818252	1	1
0.318977288702	0.822740730776	1	1
0.609377040125	0.979756382859	1	1
0.309287785726	0.182147352538	1	-1
0.904990497248	0.0606217088939	1	-1
0.0172686220679	0.747493945336	1	1
0.593293690447	0.84293239387	-1	1
0.669822161337	0.0333447686879	1	-1
0.229903594048	0.525516317817	1	1
0.726820949766	0.195574844588	1	-1
0.189129875199	0.0395360742158	-1	1
0.449203541814	0.97881252686	1	1
0.809220370083	0.0137581086521	1	-1
0.119433216741	0.392409112082	1	1
0.636736795931	0.106657184236	-1	-1
0.673418466675	0.839585977951	-1	-1
0.440355658199	0.503245687697	-1	-1
0.0969651030383	0.619209524891	1	1
0.278563465683	0.122524720073	1	-1
0.858964109456	0.750856823974	1	-1
0.462281765858	0.477995369462	1	1
0.608307273076	0.336354268767	1	-1
0.11244853601	0.402230885228	1	1
0.314004051146	0.167462337491	-1	1
0.0541702734671	0.219287653761	-1	1
0.184376022922	0.248773152685	1	-1
0.855162832786	0.765877308823	1	-1
0.939069374765	0.22317863424	1	-1
0.252440534895	0.92190824139	1	1
0.045762107176	0.329542777522	1	1
0.768495425747	0.8677767707	-1	-1
0.738769765512	0.35107417783	-1	-1
0.649471632584	0.101464271475	-1	-1
0.673473534397	0.141820389948	-1	-1
0.222759787855	0.748369721366	-1	1
0.161568196331	0.0950720486598	-1	-1
0.0972873623286	0.354883289236	1	1
0.539277597063	0.849785527736	1	-1
0.589544859509	0.66828693051	1	-1
0.616711414585	0.378433655308	1	-1
0.916115461935	0.729986954177	1	-1
0.909411499144	0.908268766654	-1	-1
0.289300011522	0.741180902509	1	1
0.686202013119	0.587103507611	-1	-1
0.137641680966	0.949559061242	-1	1
0.326925725795	0.0598709980315	-1	-1
0.137435039562	0.252471466024	1	1
0.123689274675	0.453562502399	1	1
0.225610341123	0.234250664117	-1	1
0.259036860364	0.757943952202	-1	1
0.223421317219	0.927628020618	-1	1
0.726371017519	0.343695726565	-1	-1
0.0351777717674	0.151355264637	-1	1
0.920025154046	0.299682438737	1	-1
0.318511765097	0.597768779354	1	1
0.978911340861	0.817673009214	1	-1
0.306971653769	0.393646792021	1	1
0.196973826709	0.602506669877	-1	1
0.594385485833	0.0104857675963	1	-1
0.3535353403	0.41816694653	1	-1
0.158515121718	0.883167082603	1	1
0.394005105831	0.190650207635	-1	-1
0.947659429915	0.168140157484	1	-1
0.143836361956	0.80359630387	1	1
0.929256367374	0.388978534241	1	-1
0.797523362481	0.54988199275	-1	-1
0.929209012037	0.16222543103	-1	-1
0.778905569916	0.571496191095	-1	-1
0.54042390662	0.0885957902647	1	-1
0.288821927053	0.360518050276	-1	-1
0.353842165827	0.981817583536	1	1
0.328576366154	0.887052791641	1	1
0.708161178258	0.60839857993	1	-1
0.944121420777	0.848073184388	-1	-1
0.688108464384	0.685248291842	-1	-1
0.490648237147	0.595968302322	1	-1
0.738966773526	0.272709794461	1	-1
0.88751036777	0.449403768209	1	-1
0.905603132204	0.489577673584	1	-1
0.691249471892	0.69132173587	1	-1
0.687880188424	0.587395387194	1	-1
0.132996981131	0.225875684176	-1	1
0.193905519919	0.00721695920449	1	-1
0.0708021650192	0.550297665967	-1	1
0.341488830197	0.909446302696	-1	1
0.0275486210791	0.822038936764	-1	1
0.503755592276	0.647852810421	1	1
0.810027962011	0.96349072619	1	-1
0.65725223983	0.855265264694	1	1
0.468683508122	0.89248740796	-1	1
0.40938089421	0.47739938274	-1	-1
0.775889323217	0.533623947245	1	-1
0.855455303408	0.739781803096	-1	-1
0.852531476314	0.598660537695	-1	-1
0.0486151465937	0.0942713840663	-1	-1
0.0619026166234	0.586619208736	1	1
0.744009264498	0.995638975925	1	-1
0.335192057851	0.267414761323	-1	-1
0.459883802969	0.301921020526	1	-1
0.321776510521	0.979310772778	-1	1
0.586085998631	0.366883055692	1	-1
0.508928781093	0.410396597079	-1	-1
0.02970242117	0.217543144646	-1	1
0.964365055845	0.628888568559	-1	-1
0.618131415206	0.829302695973	-1	-1
0.461347100686	0.258965013493	-1	-1
0.85037968388	0.163843743134	-1	-1
0.893313476623	0.0697977990259	-1	-1
0.159699454563	0.606391763817	1	1
0.829576725379	0.59384934369	-1	-1
0.854788168497	0.429707910911	-1	-1
0.291252024923	0.387702161445	1	-1
0.387504388137	0.303892509382	1	1
0.223768228133	0.512621195054	-1	1
0.127149947227	0.705472662628	1	1
0.681883544981	0.466400735367	-1	-1
0.404905216257	0.103432665746	-1	-1
0.734014432964	0.429892353453	1	-1
0.81374143564	0.766073569496	-1	-1
0.718631490463	0.685301452521	-1	-1
0.586414673303	0.213091202693	-1	-1
0.87379051137	0.949458768787	-1	-1
0.445241793664	0.0459217861739	1	-1
0.538556517524	0.418073960796	-1	-1
0.727430355964	0.897836992918	1	1
0.00824012812292	0.665653192078	-1	1
0.103517344499	0.664225176611	-1	1
0.899693159743	0.750471577367	-1	-1
0.733070541402	0.987556635353	1	-1
0.396238135911	0.742657398367	1	1
0.523510559873	0.988929612171	1	-1
0.615957536718	0.282080197365	1	-1
0.679726820787	0.0765759386488	-1	-1
0.503864134214	0.939316582579	-1	1
0.788177072883	0.705626889975	-1	-1
0.265467698542	0.800237525064	-1	1
0.209173652817	0.688773979319	-1	1
0.857891199288	0.398200874609	1	-1
0.247095105866	0.132012793488	1	-1
0.466747776057	0.304896601033	1	-1
0.304477581989	0.516410699469	1	1
0.487236279988	0.355470953022	-1	-1
0.262603679979	0.542988488842	1	1
0.715468203449	0.803689766733	-1	-1
0.768566614771	0.676086931453	1	-1
0.739890524299	0.253624379601	-1	-1
0.497438604817	0.666400561638	-1	1
0.335566683155	0.204856615922	1	1
0.720396606871	0.593915770931	1	-1
0.578021021811	0.363518817023	-1	-1
0.413375211178	0.158349081662	-1	-1
0.101597586691	0.849833242732	1	1
0.833604198109	0.526264278166	-1	-1
0.737880584774	0.527523063943	-1	-1
0.0352287509561	0.978198619503	1	1
0.921520501856	0.524774484699	-1	-1
0.760790325784	0.824893560499	-1	-1
0.720399538441	0.307623637259	-1	-1
0.247943089586	0.897972070644	-1	1
0.732991890217	0.267917444232	1	-1
0.0545734161048	0.521161298576	-1	1
0.432499544915	0.0680724069706	1	-1
0.747712624104	0.882229534699	-1	1
0.138304730991	0.199144196242	1	1
0.13419112806	0.820661461503	-1	1
0.878439921834	0.0641335027457	1	-1
0.473670039551	0.732111440702	-1	-1
0.955249790006	0.0899677451242	-1	-1
0.0191782635472	0.591796959328	-1	1
0.482267882724	0.635442248577	-1	-1
0.577780278974	0.911268353527	1	1
5.37195911946e-05	0.299669430665	1	1
0.445599577315	0.482299774121	-1	-1
0.455479588713	0.824197090978	1	1
0.0772162286348	0.641179412309	-1	1
0.989628927601	0.451215767177	-1	-1
0.977380161633	0.134050060428	-1	-1
0.817279241172	0.345634584944	-1	-1
0.108301762837	0.869126563842	1	1
0.847065631536	0.0230958520691	1	-1
0.82934195531	0.285258574637	1	-1
0.477868015104	0.514221544403	-1	-1
0.115092825352	0.333516237349	-1	1
0.308055480001	0.369535214436	1	-1
0.113866544064	0.19218821196	-1	1
0.213031231085	0.764090588641	-1	1
0.811113028284	0.855398086831	-1	-1
0.961064400017	0.239981254528	1	-1
0.179794080242	0.0971815767139	-1	1
0.672900038902	0.684225012581	-1	-1
0.121464740288	0.692161068532	-1	1
0.175461828091	0.34613261417	1	-1
0.104933783257	0.13965306999	1	1
0.216754644343	0.488576594916	1	1
0.796314963765	0.564021910703	1	-1
0.192654371387	0.816980085481	1	1
0.454836413794	0.727677857173	1	-1
0.2899862934	0.413396212279	-1	1
0.283691592345	0.485313785389	1	1
0.864527639211	0.465116818381	1	-1
0.392803920944	0.0431585973718	1	-1
0.775472932163	0.788559766824	1	-1
0.276863078621	0.637487078722	-1	-1
0.361627171269	0.961189579969	1	1
0.699051948849	0.191851476038	1	-1
0.578330960533	0.531475376093	-1	-1
0.486743226738	0.119491571859	-1	-1
0.318142298471	0.717435520009	1	1
0.200030127227	0.861403911263	1	1
0.120956350647	0.73580421305	-1	1
0.329953496425	0.732634883201	1	1
0.251057432447	0.648500874418	1	1
0.497748287434	0.853994561647	1	-1
0.0914418195511	0.254350094011	1	1
0.0464831122422	0.0485616748488	1	1
0.990094758528	0.459796789862	-1	-1
0.905216450461	0.177473449128	1	-1
0.83609883047	0.722805399076	-1	-1
0.128024832585	0.246911680865	1	1
0.314120719486	0.214393229406	-1	-1
0.348131911401	0.90052555989	1	1
0.442612791402	0.245635897087	-1	-1
0.960626559866	0.562015633674	-1	-1
0.626733280087	0.629267270527	1	-1
0.771124099653	0.446554984925	1	-1
0.995725254679	0.487707335261	-1	-1
0.118382722724	0.860121350394	1	1
0.125185783641	0.24612184453	-1	-1
0.260974433118	0.586310928855	1	1
0.488107681957	0.831336654001	1	1
0.512384999585	0.278135247956	1	-1
0.0407959247105	0.612986696436	1	1
0.832061984863	0.779967902459	-1	-1
0.648130038613	0.587560096113	1	-1
0.0507811493001	0.880647021095	1	1
0.984238419723	0.200117775796	-1	-1
0.706412743966	0.46423909264	1	-1
0.488576206118	0.148656105838	1	-1
0.250953517891	0.995573607835	1	1
0.820045112718	0.487751196227	1	-1
0.941727654101	0.460517186927	-1	-1
0.712917762151	0.864189263642	1	-1
0.576736724816	0.337724640516	1	-1
0.361368658565	0.721779187548	1	1
0.609118641686	0.783992291481	1	-1
0.340639135496	0.221536554719	-1	-1
0.671546778693	0.395350554705	-1	-1
0.0469972706341	0.677992639667	1	1
0.0238141308221	0.102143080732	-1	-1
0.712934702086	0.595599395334	1	-1
0.789653375922	0.386444225926	-1	-1
0.0355800579143	0.54725145146	-1	1
0.0666181364429	0.143522840808	-1	1
0.198290046576	0.516690542288	-1	1
0.124476850154	0.200541461248	1	1
0.194105564362	0.333262928608	-1	-1
0.439412495824	0.00842566216557	-1	-1
0.162442340137	0.796994149414	-1	1
0.546556315639	0.653333889695	1	-1
0.706773759167	0.307120626555	-1	-1
0.894994933989	0.934335177731	1	-1
0.624905779425	0.517520880998	-1	-1
0.567183504624	0.0592515530203	1	-1
0.339568689589	0.532942317936	-1	1
0.324584234929	0.714542297183	1	1
0.0231111925057	0.739843178525	-1	1
0.204439393589	0.575517009075	1	1
0.342688602843	0.927289790939	1	1
0.983991409721	0.166573943578	-1	-1
0.615022019898	0.272595346819	-1	-1
0.885666290586	0.33277327032	-1	-1
0.81555216031	0.405563531057	-1	-1
0.515710556166	0.482948620699	-1	-1
0.684827225692	0.543550500823	1	-1
0.287933544922	0.549813635989	1	1
0.168563220939	0.195090192478	-1	1
0.813367262364	0.920541089438	1	-1
0.974607896092	0.842582080032	-1	-1
0.102692432806	0.364464884688	-1	1
0.0485966265908	0.540516266287	1	1
0.982339562804	0.647820241954	-1	-1
0.474680513626	0.943177065114	1	1
0.650951429401	0.596456371254	-1	-1
0.917588597725	0.610710019088	1	-1
0.675589644035	0.284076827583	1	-1
0.557115115232	0.0834119221528	-1	-1
0.102309932211	0.351857685742	1	1
0.000406626972463	0.316298326294	-1	1
0.728120931209	0.487923523067	1	-1
0.863400755813	0.847012326282	1	-1
0.423923062662	0.899792796118	-1	1
0.887697039963	0.931463948686	-1	-1
0.48269764086	0.791575182578	-1	1
0.708131358424	0.272556426594	1	-1
0.359064173889	0.136466136031	-1	-1
0.0826183911849	0.504576835038	1	1
0.0549714276875	0.786947155894	1	1
0.642099031616	0.910518524678	1	1
0.509330219387	0.436296428875	1	-1
0.191382906489	0.158462938383	-1	-1
0.0801652446261	0.583391788908	-1	1
0.866460909034	0.593909376509	-1	-1
0.542891988929	0.976426740602	-1	-1
0.24129345511	0.339995702674	-1	-1
0.119362205938	0.920958551723	-1	1
0.0408656100049	0.255509258129	1	1
0.926098686611	0.201106402586	1	-1
0.0910228635888	0.677553432389	1	1
0.953252898461	0.760620281647	1	-1
0.0931467884159	0.0859309281501	1	-1
0.807982110268	0.312648823083	-1	-1
0.576198689761	0.974547357888	1	-1
0.977208720641	0.972430796478	-1	-1
0.764494012717	0.398846794694	-1	-1
0.484685391064	0.521034470115	1	-1
0.113530940507	0.556537570574	-1	1
0.156927728358	0.947645732563	1	1
0.593436642479	0.17053395059	1	-1
0.269414518281	0.369742068153	-1	-1
0.860490927186	0.795573105086	-1	-1
0.254542311874	0.335470415758	-1	-1
0.373596010414	0.624107053444	1	1
0.878658605332	0.265951887779	1	-1
0.472119068655	0.118540920195	1	-1
0.847343603096	0.503305346588	-1	-1
0.933015482474	0.143420910479	-1	-1
0.626641771511	0.702962919306	1	1
0.675867567872	0.543235465459	-1	-1
0.0329593333488	0.575062792712	-1	1
0.436414561798	0.422023259436	-1	-1
0.576836130495	0.997879815339	1	1
0.179615889272	0.323940000535	1	-1
0.311686828386	0.775655098558	-1	1
0.516183429183	0.271022931197	-1	-1
0.253178136753	0.542417051515	-1	1
0.592294377819	0.126621702193	1	-1
0.382064043024	0.817014317845	-1	1
0.0923483264732	0.676201080241	-1	1
0.997354129758	0.1420811109	1	-1
0.446969554428	0.791927096495	1	-1
0.0239037421786	0.529545049751	-1	1
0.587472640812	0.321630834996	-1	-1
0.0250600968942	0.543779897448	-1	1
0.0138137497713	0.438489817154	-1	1
0.0142284826376	0.519860262632	1	1
0.325607222816	0.781657397011	-1	1
0.655294283163	0.864234062762	-1	1
0.469786291653	0.919701734558	-1	1
0.366129060491	0.913184686108	1	1
0.0834567753943	0.153740756438	1	1
0.280025620003	0.353515915387	1	1
0.721562157619	0.69680501082	-1	-1
0.298669734181	0.420406932925	-1	-1
0.869321500143	0.00772245536593	-1	-1
0.305369314841	0.30773002856	-1	1
0.982255179744	0.972506538074	-1	-1
0.257800967848	0.83919688907	-1	1
0.290132839042	0.143107997386	-1	-1
0.576236383768	0.63193590909	-1	-1
0.202148586704	0.864019234183	-1	1
0.849990176474	0.850274099312	-1	-1
0.297873739932	0.153448063874	-1	-1
0.283029181439	0.681207383023	-1	-1
0.361650753893	0.0343677042165	-1	-1
0.367065062265	0.882389083971	-1	1
0.375482926115	0.611701692492	1	-1
0.222266552217	0.0263361366663	-1	-1
0.248346933853	0.503792500344	-1	1
0.20408669003	0.372495387761	1	-1
0.940997384058	0.265534854846	-1	-1
0.809429970333	0.302995245282	1	-1
0.533667746655	0.366306070245	-1	-1
0.334933325924	0.690710006683	1	1
0.21493190972	0.586207966076	-1	1
0.263599382361	0.312110408611	1	1
0.230566203807	0.687473308249	1	1
0.563152657313	0.206809119892	-1	-1
0.686613245087	0.928678897528	1	-1
0.365936763879	0.816021885632	1	1
0.924948940952	0.958070731435	1	-1
0.275627371362	0.832465387074	-1	1
0.87261229577	0.48418497201	-1	-1
0.673943254521	0.0604292418615	1	-1
0.160114454879	0.584828363212	1	1
0.490044401995	0.3635922052	-1	-1
0.738429678169	0.764557673569	-1	-1
0.300716844318	0.64118823068	-1	-1
0.243432617364	0.370735333003	1	-1
0.0458154605375	0.492275684795	-1	1
0.944478275104	0.48975945454	-1	-1
0.738560860676	0.437191761107	1	-1
0.0532674410771	0.97446792176	-1	1
0.445384939029	0.437909959923	-1	-1
0.275091172363	0.235101387456	-1	1
0.324070483563	0.100068457933	1	-1
0.740086980281	0.842576798354	-1	1
0.614129254285	0.861625781559	1	1
0.689315346335	0.601583931489	-1	-1
0.915010221374	0.0287826456726	-1	-1
0.0188244517605	0.641869221226	-1	1
0.89994858748	0.790693769247	-1	-1
0.808380226081	0.347878473659	1	-1
0.00964498944721	0.858849375936	-1	1
0.631487485194	0.0982244359097	-1	-1
0.25847666166	0.537131360146	-1	-1
0.0258324625076	0.845408945045	1	1
0.956295416602	0.0214027562219	-1	-1
0.800888374718	0.516995477379	-1	-1
0.694475213612	0.808987641464	1	-1
0.475913839119	0.429452055861	-1	-1
0.979788475263	0.373039054383	-1	-1
0.134510725552	0.412885551538	-1	1
0.188312097813	0.144746195151	-1	1
0.147266908602	0.845618262553	-1	1
0.468997861493	0.116258351498	1	-1
0.737672374338	0.0917617721529	-1	-1
0.273346436015	0.79218262216	1	1
0.8332597214	0.0949263035115	-1	-1
0.981377209547	0.429734429689	-1	-1
0.483382553967	0.531588464518	-1	-1
0.230660182488	0.532785728904	1	1
0.154920635476	0.747469143449	-1	1
0.510299244843	0.615642397065	-1	-1
0.77457964665	0.587182644685	1	-1
0.515472754154	0.908708470688	1	1
0.340806434655	0.50898368865	1	1
0.172407613893	0.385145587871	1	1
0.57699277826	0.75665662808	1	1
0.256925386559	0.904936557637	1	1
0.993144844495	0.897462838209	-1	-1
0.372232487954	0.523741971873	-1	1
0.843280929371	0.595172496215	-1	-1
0.451437209334	0.816690308449	1	1
0.857163039045	0.28310695889	-1	-1
0.889435100573	0.224724609388	1	-1
0.968483969668	0.627160881786	-1	-1
0.676605924185	0.199595724348	1	-1
0.151499723475	0.544140578245	-1	1
0.0607524885412	0.296053007878	1	1
0.564129231458	0.527705917057	1	-1
0.428044447748	0.741741768732	-1	1
0.633531984162	0.898423216557	-1	-1
0.678629997828	0.244170654865	1	-1
0.220650587191	0.857170394614	-1	1
0.437118317757	0.396628085914	-1	1
0.724156948371	0.0375787497233	-1	-1
0.903488754509	0.0650169425209	-1	-1
0.514724571989	0.138941541926	1	-1
0.961860031348	0.900559130964	-1	-1
0.334015819178	0.973440430357	1	1
0.27867010505	0.630090518296	-1	1
0.768752693238	0.0234881428537	-1	-1
0.440006374866	0.342710004899	-1	-1
0.928418338201	0.500514685581	-1	-1
0.134204842436	0.125587964397	1	1
0.155485641792	0.640107838165	1	1
0.336020345357	0.167106981381	1	-1
0.589516431929	0.277474422036	-1	-1
0.291945049049	0.641812621348	1	1
0.0684598374888	0.617586195134	-1	1
0.00948066114218	0.415394210232	1	1
0.665047993634	0.181871711731	1	-1
0.156550009823	0.815777132908	1	1
0.0809880718484	0.123406193821	-1	-1
0.638865542849	0.461554914692	-1	-1
0.896321163631	0.619066272502	1	-1
0.713134433353	0.679019674234	-1	-1
0.68597335508	0.20765320796	1	-1
0.851417834868	0.390034308649	1	-1
0.629903904341	0.972012145318	1	-1
0.570142375762	0.789024990705	-1	-1
0.736107865114	0.915523561896	1	-1
0.220501664675	0.302541559207	-1	1
0.261571021955	0.591065150693	1	1
0.653530260895	0.115693389226	-1	-1
0.220834868189	0.733361023292	-1	1
0.0922533193114	0.306366550525	1	1
0.784625417283	0.336462190159	-1	-1
0.70842867076	0.660360895022	-1	-1
0.12337756996	0.317105203521	1	1
0.533205622495	0.452204712812	-1	-1
0.406484441726	0.813794885661	1	-1
0.519033719042	0.397712428451	-1	-1
0.961892161965	0.571286646496	-1	-1
0.786765053271	0.580041502548	-1	-1
0.39331772248	0.0219816170856	-1	-1
0.900401860092	0.42614853366	1	-1
0.555848174366	0.173634202381	1	-1
0.991023168456	0.717903286137	1	-1
0.468605169235	0.404121975415	-1	-1
0.145314436269	0.82380297099	1	1
0.997428960703	0.97769707839	-1	-1
0.379870203552	0.387663939351	1	-1
0.832460704413	0.0132049598545	1	-1
0.488467536317	0.638683274034	-1	-1
0.474495407961	0.694717653927	1	1
0.327671267155	0.0168332526722	1	-1
0.541135120009	0.131607734836	1	-1
0.152580971581	0.828871302045	1	1
0.30388640831	0.0249938358039	1	-1
0.752587086851	0.674651983404	-1	-1
0.921621282807	0.341718506636	-1	-1
0.0365155676579	0.298531245314	-1	1
0.806995787009	0.299273547871	-1	-1
0.386702652847	0.142292099058	-1	-1
0.766933604081	0.908738556947	1	-1
0.97849800443	0.189027851405	1	-1
0.642610866783	0.734151827185	1	-1
0.762205149538	0.289792145466	1	-1
0.426684614236	0.922774300693	1	1
0.855187499509	0.358099501528	1	-1
0.546936314749	0.463293711479	-1	-1
0.897836012534	0.720168742262	1	-1
0.739195633396	0.31074887099	-1	-1
0.40604669754	0.016217534001	-1	-1
0.970892119671	0.771433327843	1	-1
0.0994677019522	0.652673022194	1	1
0.374484825049	0.179367505278	-1	-1
0.232639073782	0.436860830889	1	1
0.616706825043	0.138895617989	-1	-1
0.955565348306	0.463774180012	-1	-1
0.829024574188	0.585837252592	1	-1
0.6884243602	0.989083463751	-1	-1
0.224201574778	0.721906593838	1	1
0.141591668045	0.133532500218	1	-1
0.521673596967	0.28965003887	-1	-1
0.0384275566747	0.410985234825	1	1
0.352117350465	0.617746616597	1	1
0.0450551205456	0.278258247002	-1	1
0.817051393883	0.848179268286	1	-1
0.780464768623	0.872684906107	1	-1
0.785846701031	0.162064407514	-1	-1
0.184977243997	0.595811278796	1	1
0.35898933473	0.774736975137	-1	1
0.511151613693	0.933004030832	1	1
0.451837875892	0.384259260691	-1	1
0.578457186662	0.62515318566	1	-1
0.335910635482	0.421501585419	1	-1
0.519394097833	0.747006173117	1	1
0.642202836708	0.0121068232511	-1	-1
0.58338095599	0.227381545437	1	-1
0.255382735109	0.483830006926	1	1
0.92351484885	0.445683356372	1	-1
0.351395233115	0.144371166601	-1	-1
0.228843640315	0.642409959262	-1	1
0.400772436654	0.115367276738	-1	-1
0.0855033684975	0.919221562794	1	1
0.238939686448	0.81590357728	1	1
0.188158293574	0.445471937043	-1	1
0.778004494485	0.0484509690976	-1	-1
0.724955826771	0.905439626757	-1	-1
0.525038930077	0.628107299106	1	-1
0.195027906349	0.575239074319	1	1
0.503324137417	0.343079092601	1	-1
0.573106641968	0.379802493685	-1	-1
0.84627542111	0.769390867005	-1	-1
0.42892409686	0.39733921792	1	-1
0.180502131708	0.512493432432	1	1
0.241629635929	0.159162388256	-1	-1
0.492001827356	0.644632018803	1	1
0.686242715398	0.876263361584	-1	-1
0.428460770629	0.166552427219	-1	-1
0.364773246042	0.0214749906386	-1	-1
0.922815985975	0.904079300925	1	-1
0.0355212286525	0.495517742658	-1	1
0.433350054802	0.154001221548	-1	-1
0.950650145571	0.35239990654	-1	-1
0.0451757566179	0.245843945899	-1	1
0.671549514804	0.934093146733	-1	1
0.291390841495	0.478710284923	-1	1
0.194464480008	0.49692121742	-1	-1
0.0999273747497	0.221756167332	-1	1
0.77607925475	0.568254267752	-1	-1
0.0509836437906	0.538954668929	-1	1
0.361338330565	0.955906020658	1	1
0.620119617635	0.092761980891	1	-1
0.269701039541	0.605958326082	-1	1
0.833794502839	0.0681691457622	-1	-1
0.813572604009	0.239310291561	1	-1
0.873116750934	0.984596143325	1	-1
0.320333771096	0.816472780298	1	1
0.320380902261	0.406207662203	1	-1
0.695145543979	0.28227120007	-1	-1
0.458305975639	0.0779493867855	-1	-1
0.794164327346	0.246457047686	-1	-1
0.211410630034	0.975610284409	1	1
0.166179591802	0.861281618697	-1	1
0.0326204025221	0.716958444261	1	1
0.497304348228	0.93764922765	1	-1
0.716091187881	0.154190187647	1	-1
0.433301703559	0.218280252638	1	-1
0.244414402586	0.666281698735	1	1
0.440503493207	0.28030709055	-1	-1
0.0268755986489	0.496792045991	1	1
0.930542920069	0.927875382487	1	-1
0.493607534042	0.587021549004	-1	1
0.0820818133962	0.891736912965	1	1
0.0923762013465	0.85086592286	-1	1
0.823386710712	0.0352039542443	-1	-1
0.460699107776	0.0173164032992	-1	-1
0.237443566583	0.543045500533	1	1
0.0368557195271	0.171548788324	-1	-1
0.621994163182	0.898685441331	1	1
0.647567817649	0.0394105692452	-1	-1
0.724489934347	0.330314150713	1	-1
0.0857186893666	0.661988028789	-1	1
0.251300246989	0.716451941906	-1	1
0.201178744486	0.124843361014	1	-1
0.385706013816	0.999418787603	-1	1
0.859425501209	0.420401773301	-1	-1
0.0102314479821	0.354909881162	1	1
0.804184767732	0.678904520053	-1	-1
0.974483639229	0.521630649785	1	-1
0.0875294618006	0.870401250727	-1	1
0.288325188248	0.20443905473	1	1
0.719109278394	0.418192191413	1	-1
0.30663795025	0.267686792474	-1	-1
0.280297850967	0.183094464083	1	-1
0.939015277551	0.114662625944	1	-1
0.48109956921	0.304214502788	-1	-1
0.416671088987	0.243890974684	-1	-1
0.0975655495541	0.588534944176	1	1
0.629281117999	0.913958237102	1	-1
0.26595937807	0.128367785486	-1	1
0.508842200012	0.884072930708	1	1
0.572828110353	0.572839338622	1	-1
0.920105107911	0.704054316602	-1	-1
0.947635312514	0.975502650314	-1	-1
0.269978999345	0.528742900396	-1	-1
0.581303388995	0.909400799318	1	1
0.505244658603	0.516082114868	1	-1
0.873634074	0.106873090495	1	-1
0.6220136024	0.242493506963	-1	-1
0.525478241307	0.831566443397	-1	-1
0.650515448987	0.76062676029	1	-1
0.104298078722	0.446360002945	1	1
0.218609213111	0.626595120774	1	1
0.958757085631	0.686263782646	-1	-1
0.949707012209	0.84847510622	-1	-1
0.271114046261	0.738762233041	1	1
0.708324314095	0.852077729055	-1	-1
0.300382494613	0.940879104884	-1	1
0.276319632937	0.919577483833	-1	1
0.326335408048	0.468995105957	-1	-1
0.658249739054	0.954668698518	1	-1
0.759335638042	0.682357362989	1	-1
0.919105162614	0.819631963649	1	-1
0.134044037176	0.803727571826	-1	1
0.201992575054	0.0748169030305	-1	1
0.295626411465	0.947547470573	-1	1
0.254368112348	0.87762179583	1	1
0.671914571487	0.124421731288	-1	-1
0.497594492854	0.828502190417	-1	-1
0.753587843305	0.164004556709	1	-1
0.179291676365	0.0107806886528	-1	-1
0.850838865865	0.482386518277	-1	-1
0.70172358072	0.211756263995	-1	-1
0.647721468627	0.852344394423	1	-1
0.63246980923	0.219951049295	-1	-1
0.528625611632	0.184122554478	1	-1
0.637601197789	0.668342625254	-1	-1
0.496643038137	0.0531671968162	1	-1
0.994086804863	0.218846276756	-1	-1
0.249450292713	0.654898669748	-1	1
0.535777684663	0.129247176923	1	-1
0.315002342767	0.44349783164	1	1
0.0237851732297	0.0828438596143	1	-1
0.486979523838	0.3111260005	-1	-1
0.586794072011	0.282157991896	-1	-1
0.796971079744	0.108313197995	1	-1
0.122280891947	0.428961590817	-1	1
0.032842510568	0.44013157648	-1	1
0.902677248177	0.838123427762	-1	-1
0.751235340921	0.551132864581	-1	-1
0.825892420753	0.184121924172	1	-1
0.801539747817	0.728986905999	-1	-1
0.706195599528	0.184225342044	-1	-1
0.342746611512	0.755998520071	1	1
0.724627636074	0.296707035058	1	-1
0.404441985392	0.741518166093	-1	1
0.92680198123	0.902494092449	-1	-1
0.463999347018	0.39950025117	-1	-1
0.726088751899	0.885550748722	1	1
0.267652769745	0.17754339971	1	-1
0.975448727101	0.688472178178	1	-1
0.939701652955	0.311097621758	-1	-1
0.51456020249	0.312580552524	-1	-1
0.780602731662	0.80407808784	-1	-1
0.388005358402	0.124223171433	1	-1
0.329006710573	0.372343704604	-1	1
0.6962096516	0.0461899741349	-1	-1
0.383631663141	0.429183548034	-1	1
0.475076046876	0.541583154792	-1	1
0.240960567214	0.222523418254	-1	1
0.692332105741	0.586086427618	1	-1
0.444305783424	0.322954073049	-1	-1
0.262886510514	0.426982255513	-1	1
0.706731713263	0.5571798892	1	-1
0.694250042054	0.906285466381	-1	-1
0.0818203571062	0.365576479514	1	1
0.672833466424	0.729182058731	1	-1
0.596470246227	0.543612557895	1	-1
0.813736753145	0.0225894610182	1	-1
0.255955499631	0.49260629795	1	1
0.988946862922	0.0848760045212	-1	-1
0.6764072451	0.347955882763	-1	-1
0.0408436853607	0.747298032578	-1	1
0.66824072759	0.320883102024	1	-1
0.743989689207	0.924910243852	-1	-1
0.627844573798	0.661728874936	1	-1
0.210320393093	0.11410244098	-1	-1
0.650653853538	0.432100662168	1	-1
0.858091587574	0.347565068114	-1	-1
0.701497835255	0.8802469336	1	-1
0.0825658770274	0.1062349734	-1	-1
0.16285403802	0.437236843548	-1	1
0.453437437175	0.728067551028	1	-1
0.481410755288	0.61054109911	1	1
0.0807576685816	0.560387391687	1	1
0.898751019512	0.820483765835	1	-1
0.804877514411	0.474290224297	-1	-1
0.901161347476	0.199420755403	1	-1
0.0112551936028	0.799816054003	-1	1
0.538199320293	0.388818683263	1	-1
0.0660688371332	0.527596293758	-1	1
0.312053463397	0.267746301619	1	-1
0.98102527553	0.0758629950478	1	-1
0.982063221975	0.498866717767	-1	-1
0.227686244768	0.360267345884	-1	1
0.0605387155712	0.464611707334	-1	1
0.790434065852	0.912344094044	-1	-1
0.126233644702	0.630952240543	1	1
0.597291989833	0.168087122825	-1	-1
0.257210234045	0.273290762174	1	-1
0.33224127257	0.00454772626837	1	-1
0.0425465194916	0.218581878802	-1	1
0.558817367156	0.16626759746	1	-1
0.00346831468737	0.582920889591	-1	1
0.270395904605	0.0392332427178	-1	-1
0.249431738852	0.589365096492	-1	1
0.807989034424	0.340136254401	-1	-1
0.1045252271	0.505194714752	-1	1
0.48613748986	0.865374780759	-1	1
0.0982763746688	0.403197249038	-1	1
0.726215422871	0.56328107332	1	-1
0.640567369178	0.527422353487	-1	-1
0.812688168546	0.510475823233	1	-1
0.596919160824	0.339308461876	-1	-1
0.673713336467	0.785047376055	-1	-1
0.24637255966	0.242350058623	-1	-1
0.480795227075	0.482122592297	-1	-1
0.203280927434	0.70040684638	1	1
0.34138231434	0.13416081351	-1	-1
0.45286588453	0.985320223226	1	1
0.460748674711	0.139420685333	1	-1
0.328710688112	0.778548261282	-1	-1
0.818030977193	0.720160830652	-1	-1
0.75517048736	0.00713162207394	-1	-1
0.402805501444	0.503858173714	-1	-1
0.814288331666	0.917900365969	1	-1
0.148181404255	0.40919053733	-1	1
0.271980363191	0.172293924638	-1	1
0.646525464576	0.32016983472	-1	-1
0.966215080749	0.205494218085	-1	-1
0.991059652357	0.520909219233	-1	-1
0.0387199613495	0.927049687414	-1	1
0.223228100406	0.172810640221	1	-1
0.8621964178	0.248859030352	1	-1
0.556611928259	0.426675066466	-1	-1
0.1226527853	0.532805327217	-1	1
0.0575971702579	0.72284442613	-1	1
0.21439319399	0.498552359054	-1	1
0.858827655739	0.18775067915	1	-1
0.287881741728	0.713096002475	-1	1
0.0441939870188	0.0285009658806	1	-1
0.956758604363	0.656285148363	1	-1
0.0182971015776	0.760203478445	1	1
0.774705905467	0.670755810758	-1	-1
0.162017242472	0.849262452186	1	1
0.429179946167	0.0707899723362	1	-1
0.109645195933	0.0382239302898	1	-1
0.429368914865	0.596606237348	-1	-1
0.264203877807	0.435114214867	1	-1
0.476549813635	0.546875847899	-1	-1
0.956596677334	0.177782113464	1	-1
0.335204023689	0.893279836223	1	1
0.0682379159108	0.817420388905	-1	1
0.881326001359	0.669349856254	1	-1
0.167682571962	0.431161492866	-1	1
0.892825661752	0.127295965954	1	-1
0.564527149537	0.562888422538	1	-1
0.988327168193	0.357057930727	1	-1
0.575259299557	0.252777794643	-1	-1
0.974931865175	0.200889187681	1	-1
0.0357870207665	0.953547983834	1	1
0.421179467995	0.969480581949	-1	1
0.998315457658	0.560364486747	-1	-1
0.426544791875	0.755991434194	1	1
0.379155286695	0.885873061311	1	1
0.0265272255368	0.936684435825	1	1
0.071618193791	0.662289401127	-1	1
0.0180366851356	0.647754177054	1	1
0.217724348249	0.935419755345	1	1
0.48801544101	0.141228433932	1	-1
0.77173305962	0.815335306238	-1	-1
0.135852415239	0.422252258899	-1	1
0.913029877496	0.809581572552	-1	-1
0.259702567867	0.523572129919	1	1
0.601716641602	0.155872467528	-1	-1
0.208671636069	0.0501475792104	-1	-1
0.494516004132	0.166906523426	1	-1
0.589133279083	0.875173506576	1	1
0.749534151901	0.15027631939	1	-1
0.200110810989	0.893295044307	-1	1
0.000802446158943	0.0721640131247	-1	1
0.736133241733	0.785464135554	1	-1
0.0908906340582	0.298525507312	-1	1
0.602017807631	0.39106870743	1	-1
0.752321940689	0.206428194204	1	-1
0.00541042961073	0.669619731294	-1	1
0.859005027934	0.913022908377	-1	-1
0.0743148894035	0.795189576381	-1	1
0.803448025384	0.00826643383408	1	-1
0.865374076332	0.749565076983	-1	-1
0.453370436651	0.873547820327	1	-1
0.380841413026	0.743692879853	1	1
0.64064087959	0.0534629951665	-1	-1
0.378031450958	0.170950406095	1	-1
0.730766161816	0.378900585028	-1	-1
0.52659453924	0.854283113599	-1	-1
0.974200293517	0.509046850653	1	-1
0.413046902952	0.685520999713	1	-1
0.72881418429	0.281194939557	-1	-1
0.0690944899769	0.213504558733	-1	1
0.683359028982	0.759826314592	1	-1
0.774355667378	0.790550838027	-1	-1
0.32492224861	0.15005874983	1	-1
0.956635969807	0.447130106551	-1	-1
0.791066891619	0.778177896471	-1	-1
0.257203961013	0.399292027388	1	-1
0.872034765235	0.699586571861	-1	-1
0.167312330125	0.77098508038	1	1
0.521205539237	0.201940979297	-1	-1
0.835810289756	0.369691627246	1	-1
0.499329778781	0.00348945245186	-1	-1
0.94271326186	0.721903397236	-1	-1
0.103715542153	0.492380549852	-1	1
0.62439859365	0.649336707196	-1	-1
0.411201991672	0.154142605062	-1	-1
0.704679210523	0.831123462649	-1	1
0.400536162347	0.359104732006	-1	-1
0.298252745025	0.504468631304	1	-1
0.977284901148	0.322206520373	-1	-1
0.507138994179	0.237604256512	1	-1
0.869990590495	0.681598446809	-1	-1
0.384908291391	0.738146543006	-1	-1
0.206603207115	0.949483723592	1	1
0.586098349499	0.0154411047772	1	-1
0.552482308151	0.642157875158	1	-1
0.0284212675364	0.933860569825	1	1
0.866912953974	0.214586333869	-1	-1
0.912144473394	0.374025705413	1	-1
0.970691249568	0.61777303774	-1	-1
0.908285924805	0.473527591028	-1	-1
0.0201340997428	0.596764226353	1	1
0.186804135718	0.700724398179	-1	1
0.0124042082216	0.340381037469	1	1
0.228814089864	0.981991843802	1	1
0.0547315568894	0.216532699841	1	1
0.0246750182785	0.312045278648	-1	1
0.210489579246	0.718321872789	1	1
0.0693155623194	0.297009171251	-1	-1
0.311416831186	0.566791971869	1	1
0.750987037975	0.0654531238177	-1	-1
0.538620595275	0.931143854167	1	1
0.932290579283	0.414872979336	-1	-1
0.522099241146	0.739931827205	1	1
0.997194002025	0.541191511319	1	-1
0.869613631568	0.907956389665	-1	-1
0.643967162332	0.403222616219	1	-1
0.0649930216484	0.201163946098	1	1
0.25779076692	0.287458154356	-1	-1
0.184065279469	0.950637431346	-1	1
0.404025340372	0.150936727129	1	-1
0.573302073769	0.0119211145868	1	-1
0.0993544220754	0.290204812828	1	1
0.262724111537	0.286415962407	1	1
0.553610033844	0.638761572174	1	-1
0.107600181616	0.490739459062	1	1
0.597962475028	0.0560108628219	-1	-1
0.340588802464	0.822626983855	-1	1
0.888229538485	0.129663276806	1	-1
0.461429589146	0.23870693906	1	-1
0.300915534454	0.501265118375	1	-1
0.0351530483913	0.802747414727	1	1
0.85665811233	0.278791945332	1	-1
0.729912230484	0.935888234282	1	-1
0.995398214351	0.46064530965	-1	-1
0.0311567860399	0.635248800844	1	1
0.82354914774	0.625211313925	1	-1
0.525528696305	0.0683047708911	1	-1
0.748514216198	0.436062646	-1	-1
0.705121057684	0.690190458904	-1	-1
0.624428291305	0.545827290772	-1	-1
0.744120106995	0.456935993264	-1	-1
0.0266148173514	0.374615487825	1	1
0.93134243198	0.74228220979	-1	-1
0.325884379144	0.511450253504	1	1
0.32641567947	0.846047953642	1	1
0.0352648539457	0.902745316135	1	1
0.896246317675	0.268848263182	-1	-1
0.404388244979	0.969082610176	1	1
0.942912805281	0.441215526066	1	-1
0.962871182967	0.902659755573	1	-1
0.74825012989	0.596378870299	1	-1
0.716392907279	0.507986109354	-1	-1
0.907078025873	0.376417016986	1	-1
0.765433458357	0.395504320577	1	-1
0.610565324632	0.886524442591	1	-1
0.550501788985	0.889579214145	1	-1
0.240792067789	0.0494845462784	-1	-1
0.0819048157842	0.338749928953	1	1
0.384621532091	0.121967438602	1	-1
0.316495291926	0.0793084424024	1	-1
0.0243869766722	0.450555275119	1	1
0.398615682594	0.598032463296	-1	1
0.535286363063	0.282125519379	-1	-1
0.498930328048	0.0230517396104	-1	-1
0.887281203552	0.458913004807	1	-1
0.127570526707	0.615298211485	1	1
0.0989348842691	0.745672671986	-1	1
0.356942201738	0.43903230635	1	-1
0.893059053263	0.937095546327	1	-1
0.33014089103	0.753611186306	-1	1
0.732485053974	0.895528337133	-1	-1
0.359054171283	0.727605846418	-1	1
0.356318205706	0.58317836068	1	1
0.893335217091	0.438720714599	1	-1
0.0166804688077	0.425744710476	1	1
0.40202720459	0.861197111327	-1	1
0.572796913943	0.381569502159	1	-1
0.20007679337	0.437515568223	-1	1
0.208621653111	0.802688491988	-1	1
0.661607868589	0.746332676233	1	1
0.908784607593	0.475493249753	1	-1
0.0319261278625	0.923804660452	1	1
0.260304299012	0.223036420199	-1	-1
0.846628509841	0.572002715962	-1	-1
0.512394300335	0.814027638728	1	-1
0.977594457189	0.820005376055	-1	-1
0.197892388287	0.595493416428	-1	1
0.930602268761	0.0303391216045	1	-1
0.439877890098	0.973978028568	1	1
0.525535716603	0.205674838319	1	-1
0.481066450809	0.383675013446	1	-1
0.053243722757	0.987413064877	-1	1
0.882205571835	0.0564019389735	1	-1
0.631816147308	0.171557440487	1	-1
0.119026438608	0.185072536843	1	1
0.107775822953	0.905354961025	-1	1
0.980992668227	0.556947534343	1	-1
0.225264075659	0.25602610348	1	-1
0.0227402081484	0.577430142392	1	1
0.0397721561714	0.00661998233659	-1	-1
0.925239959581	0.820362686751	1	-1
0.715905424025	0.898572381833	1	-1
0.826504196209	0.00486749194468	1	-1
0.453943429542	0.932410038778	-1	1
0.69644276082	0.924502338994	1	-1
0.924272210772	0.0631504035024	1	-1
0.684960494728	0.979044519156	-1	1
0.464284982834	0.862458558969	-1	1
0.934416058125	0.984908078651	-1	-1
0.452206263094	0.0805889675837	1	-1
0.471158959333	0.884480578633	1	1
0.521775037651	0.173976281396	1	-1
0.910874771962	0.218952720691	-1	-1
0.594763568037	0.951911826008	1	1
0.627000446281	0.988440795725	1	-1
0.0256102998112	0.437560533074	-1	1
0.941630551968	0.277931735364	-1	-1
0.919195018562	0.525801208921	1	-1
0.685469400501	0.594045865469	1	-1
0.5497357749	0.731970226496	-1	-1
0.218943691878	0.117741339206	1	1
0.251912337029	0.917605968943	1	1
0.538738454346	0.129219787186	1	-1
0.250790265744	0.999474978826	1	1
0.884264055949	0.754314562012	1	-1
0.625025373043	0.707750562802	-1	-1
0.399782358781	0.907807512602	-1	1
0.805342533686	0.474483730946	1	-1
0.369709122948	0.457274376979	1	-1
0.13713844263	0.206026728034	1	1
0.106180306364	0.397109733806	-1	1
0.894213152934	0.658242284008	1	-1
0.735779422514	0.502914543722	1	-1
0.266041478793	0.0238759120212	1	-1
0.563503519581	0.567264439811	1	-1
0.866342401419	0.842952484821	1	-1
0.8947028914	0.673553082876	1	-1
0.386061258499	0.455845398847	1	1
0.754332392195	0.234474812477	-1	-1
0.0733670839896	0.0481719285125	-1	-1
0.668521436418	0.171861403864	1	-1
0.232641397764	0.171406669717	1	-1
0.383464273838	0.255066891812	1	-1
0.804508343902	0.949069556628	1	-1
0.625397938169	0.358093456633	1	-1
0.611193342937	0.443223391245	-1	-1
0.956730909458	0.506571470026	-1	-1
0.87372625687	0.120556629743	1	-1
0.955859069808	0.377810846972	-1	-1
0.14106064996	0.960073585956	1	1
0.099304934518	0.893632649521	1	1
0.877885575601	0.967755551758	1	-1
0.444529783393	0.977097232234	1	1
0.156697249361	0.00838936685549	1	-1
0.518184631675	0.612333319672	-1	1
0.309078977495	0.00527615847459	-1	-1
0.134457266686	0.69440018575	-1	1
0.768279206583	0.644581268118	1	-1
0.300317058183	0.792941316193	1	1
0.325294737549	0.653395485026	-1	1
0.153025446985	0.826584161598	-1	1
0.451483341688	0.127040006488	1	-1
0.943865909985	0.0280727075469	1	-1
0.886136695638	0.629085279469	-1	-1
0.253759765953	0.292491024175	1	-1
0.639898781752	0.811866760737	1	1
0.235324847031	0.653399082671	1	1
0.0783222345295	0.244093920537	-1	1
0.257122014166	0.923124654878	-1	1
0.260455611275	0.0770532708448	-1	-1
0.239163124866	0.172694842376	1	1
0.605002120309	0.0555546619668	1	-1
0.0478451644057	0.49668970382	1	1
0.596232254505	0.787354665708	1	1
0.549112932826	0.818733240308	-1	1
0.478246458059	0.957593050708	-1	1
0.865380486505	0.520778544735	1	-1
0.721854229416	0.464436367453	-1	-1
0.774279537915	0.0228069118485	1	-1
0.548859272654	0.688328960607	1	-1
0.396076855462	0.608097206286	-1	1
0.649157341911	0.0989851606185	-1	-1
0.229550106232	0.165919949243	-1	1
0.936005970279	0.823920548006	1	-1
0.991539332601	0.342459147179	-1	-1
0.0744968907487	0.017246561641	1	1
0.987900890313	0.32581045619	-1	-1
0.456013098449	0.212422813049	1	-1
0.941704335871	0.614116727605	-1	-1
0.385531565853	0.0738289280559	-1	-1
0.0414530319024	0.895823396975	1	1
0.416537057291	0.407482415332	-1	1
0.423336660542	0.751523050734	1	1
0.276322214401	0.477257472686	1	1
0.285012470602	0.341831842904	-1	1
0.876171598859	0.735341358308	-1	-1
0.0129762431719	0.089256525459	1	1
0.685024807888	0.577631944964	-1	-1
0.727024109334	0.698619732395	-1	-1
0.560193645323	0.85665937767	1	-1
0.512170114115	0.333916479054	1	-1
0.0236436718455	0.346072389405	1	1
0.610867597736	0.102293013693	1	-1
0.323614462006	0.255309992604	-1	-1
0.114216015163	0.929474647124	-1	1
0.0960479792025	0.779572691939	-1	1
0.807071458052	0.193807714509	1	-1
0.537293905081	0.767378473518	-1	-1
0.683811339875	0.541293551885	-1	-1
0.699037240516	0.817719512286	-1	-1
0.303202858543	0.365259202461	1	1
0.660410241945	0.751678839568	-1	-1
0.0374923197256	0.277980709928	-1	1
0.525219345255	0.872605135113	-1	-1
0.526272684958	0.840732119713	-1	1
0.414112536608	0.557721853769	1	-1
0.697115162584	0.782054735214	1	-1
0.722242865757	0.710579508106	-1	-1
0.142681194724	0.453781584376	-1	1
0.991741269761	0.00730946093831	-1	-1
0.298502893017	0.00724784417597	-1	-1
0.339344633379	0.0232935911821	1	-1
0.547095209527	0.894537605111	1	-1
0.627623632165	0.836310503394	-1	-1
0.830006753861	0.458594786404	-1	-1
0.909316688271	0.894162016265	1	-1
0.862215263411	0.841713574291	-1	-1
0.98265349881	0.0162229654805	-1	-1
0.725952879121	0.794006904515	-1	-1
0.280061507702	0.781638720266	1	1
0.337021548979	0.125489726455	1	-1
0.496801282964	0.309165598855	1	-1
0.691256683304	0.390040240351	1	-1
0.917007103268	0.0674550300133	1	-1
0.728967112691	0.85733801616	-1	-1
0.703346767681	0.300230313843	1	-1
0.362904695032	0.941541363868	1	1
0.366495179451	0.208799792213	-1	-1
0.0843098318707	0.682797393628	-1	1
0.181080034405	0.547213205455	1	1
0.922076646431	0.965446019612	-1	-1
0.980119129745	0.74111084562	-1	-1
0.379208740055	0.887436667232	1	1
0.743633909919	0.72515553035	1	-1
0.308840458119	0.601233618008	-1	1
0.203826046653	0.833375072385	1	1
0.924086788751	0.439433288065	1	-1
0.99065173728	0.0686829816815	1	-1
0.345209440876	0.659488211756	-1	1
0.521343986352	0.768184449484	-1	-1
0.348967268574	0.325936102409	1	-1
0.605248962665	0.71020309934	1	-1
0.251322284669	0.0542233295974	-1	-1
0.604291803196	0.37231645231	1	-1
0.312749302285	0.160967274288	-1	-1
0.460348439664	0.865474399558	-1	1
0.3264220488	0.163644922624	1	-1
0.301690193465	0.906680147887	-1	1
0.723714537527	0.222184410581	-1	-1
0.557838237348	0.318691966438	1	-1
0.19817673087	0.481210686047	-1	1
0.231734282967	0.557863556482	1	1
0.13712121644	0.953320205987	-1	1
0.596977702565	0.20089133514	1	-1
0.508824843853	0.538875055873	1	-1
0.0528141571461	0.428162457155	-1	1
0.809138525697	0.938546281127	-1	-1
0.366251424117	0.0172251215882	1	-1
0.937857019842	0.148538112096	1	-1
0.103849960465	0.781502023266	1	1
0.198091037756	0.0729863507903	1	1
0.701663659938	0.477701819095	1	-1
0.655636654329	0.393927248804	1	-1
0.225339778611	0.472766863038	1	1
0.947824427211	0.336750338511	-1	-1
0.942529529811	0.28774880546	-1	-1
0.5126285631	0.185879515685	1	-1
0.0895677544151	0.188796132497	1	-1
0.386449253324	0.697496494961	-1	1
0.61619230871	0.726305928522	-1	-1
0.849812341111	0.0599397654764	1	-1
0.858672718139	0.985032663933	1	-1
0.164969633563	0.721862298428	1	1
0.918794299434	0.832519219215	-1	-1
0.526236308503	0.933778284705	1	-1
0.979280541462	0.198605390367	-1	-1
0.0828864400837	0.1030487121	-1	1
0.189105551088	0.266707477724	-1	-1
0.533917232295	0.263437251533	1	-1
0.985563154664	0.685349148506	-1	-1
0.506055561291	0.258876474231	1	-1
0.0344447488312	0.0738433142795	1	1
0.65454448761	0.14837593239	1	-1
0.462840083268	0.372387804169	-1	-1
0.980137321884	0.440879729039	1	-1
0.262588879237	0.856950339189	1	1
0.98200519182	0.820202200007	1	-1
0.910518724518	0.513685560248	1	-1
0.341471579661	0.0823914080709	-1	-1
0.520342101942	0.433762865327	1	-1
0.364417847753	0.893304349992	1	1
0.346626648642	0.556000600539	1	1
0.171150484636	0.795215162048	1	1
0.6071605945	0.127232439302	1	-1
0.0787444115517	0.984412410571	-1	1
0.0253903810166	0.402371464884	1	1
0.343023717449	0.284023075346	-1	-1
0.191167808738	0.404283273079	-1	1
0.0678508589043	0.922909913743	1	1
0.298197474781	0.968392600708	-1	1
0.611155865701	0.0881097095102	-1	-1
0.0707366144374	0.698147390759	1	1
0.972808106775	0.528436183343	-1	-1
0.704140615819	0.903435793943	-1	1
0.421372601794	0.454670010982	1	-1
0.98764396843	0.00595884663124	1	-1
0.297285403175	0.292997306214	1	1
0.916636130364	0.0904574880859	1	-1
0.247344446564	0.861939116641	1	1
0.946222279017	0.890193642342	-1	-1
0.651820907013	0.780551278294	1	-1
0.0701844493324	0.894659212917	-1	1
0.799861907054	0.305899145909	1	-1
0.19219426411	0.873672430386	1	1
0.321518842679	0.500202955251	1	1
0.804437619423	0.550801956244	-1	-1
0.377690449516	0.396298559236	-1	-1
0.543247929479	0.876988211722	-1	-1
0.788219130419	0.158297076073	1	-1
0.770302205452	0.399211625085	1	-1
0.24577871541	0.930070399916	1	1
0.383227099145	0.990184591095	1	1
0.673593936804	0.250688238256	1	-1
0.622383061308	0.415021491461	-1	-1
0.101627780989	0.385668028447	-1	1
0.0265597309191	0.455990198882	-1	1
0.159143432524	0.849059406056	-1	1
0.25003876058	0.898159579385	-1	1
0.0707933226139	0.807338332981	1	1
0.943797395625	0.428764143003	-1	-1
0.47328413652	0.128917850012	1	-1
0.71796347767	0.382571210364	-1	-1
0.0305688924976	0.886370044503	1	1
0.489707282433	0.60907848425	1	-1
0.648525741071	0.514947505457	1	-1
0.154418686397	0.07190564314	1	-1
0.877321824825	0.207469223469	-1	-1
0.991527705973	0.776548036711	-1	-1
0.132879638379	0.858644426634	-1	1
0.991507839676	0.945748916447	1	-1
0.237169903732	0.629616409035	-1	1
0.293403258365	0.0441524214796	1	-1
0.65415755786	0.44915243282	1	-1
0.910236253232	0.398055013584	-1	-1
0.310472410937	0.587600372724	-1	1
0.317794169322	0.74645095247	-1	1
0.640483912967	0.0572142229718	1	-1
0.925026816577	0.778799326402	-1	-1
0.989539422708	0.359274005178	1	-1
0.222883664173	0.330809387955	-1	-1
0.939291828155	0.228988412231	-1	-1
0.298691337295	0.792598532743	-1	1
0.502155304179	0.79894998259	1	-1
0.237662188375	0.710019872816	1	1
0.119852098076	0.982067664205	1	1
0.153776145281	0.063174928525	1	1
0.873899672019	0.959725375783	-1	-1
0.966536310692	0.860695402785	1	-1
0.465650122766	0.215214708129	-1	-1
0.778616287945	0.646477392144	1	-1
0.384723901161	0.0227424812381	-1	-1
0.0491290903776	0.291656289542	1	1
0.228427079694	0.809813763132	1	1
0.463311966972	0.920314178929	1	1
0.495006464997	0.0864332108056	-1	-1
0.296898628064	0.261077477737	1	-1
0.633099263538	0.713750085728	-1	-1
0.0661685639868	0.755548310135	1	1
0.0498361951862	0.528487975007	-1	1
0.995646953062	0.152203574054	-1	-1
0.19408283141	0.723584913947	-1	1
0.192847481869	0.525175000353	-1	1
0.188648854655	0.0773408104087	-1	-1
0.400890559448	0.0698734232287	-1	-1
0.46704517179	0.244242738124	-1	-1
0.62770523993	0.505487248342	1	-1
0.169893643997	0.487941856825	-1	1
0.465672361429	0.934500166467	-1	1
0.133557810214	0.528843803316	1	1
0.973498420001	0.490665686137	1	-1
0.760106070547	0.713845642093	1	-1
0.1200518054	0.284699605096	1	1
0.0262162343369	0.451008040164	-1	1
0.872379746244	0.621765976436	-1	-1
0.57033401136	0.973956173949	-1	1
0.293622733182	0.0966503007041	-1	-1
0.761047179015	0.835951492449	-1	-1
0.958168649506	0.497053220159	-1	-1
0.662855539948	0.883618780967	-1	1
0.190963995823	0.946697108254	1	1
0.267920192426	0.605921777097	-1	1
0.46910008531	0.0200406444483	-1	-1
0.483749509528	0.493849141744	1	-1
0.22707876202	0.581502800765	-1	1
0.707849206642	0.606386223748	1	-1
0.721761550621	0.549930393833	1	-1
0.949654941481	0.676537527667	-1	-1
0.265810044481	0.852007686874	-1	1
0.137939019084	0.956605608094	1	1
0.305072581496	0.952342409123	1	1
0.125468774595	0.889149117029	-1	1
0.419835972042	0.803283918511	1	-1
0.488292590589	0.345501523898	-1	-1
0.463766836203	0.336618593298	-1	-1
0.449658189303	0.253687628436	-1	-1
0.452535233679	0.767723036885	1	1
0.995810015519	0.938423203155	-1	-1
0.402741667544	0.00627031532582	-1	-1
0.15744147378	0.161053071207	-1	-1
0.157812374162	0.34835474461	1	1
0.52190422143	0.433693338196	-1	-1
0.755798104437	0.628940415814	-1	-1
0.214315661677	0.593042892964	1	1
0.424777719974	0.14200554717	-1	-1
0.950438322748	0.176745566381	-1	-1
0.644912457283	0.389114318709	-1	-1
0.674196034644	0.912615039352	1	1
0.871757205815	0.596114508293	1	-1
0.748636218873	0.782105608256	-1	-1
0.568146927681	0.316950344159	-1	-1
0.0583774822778	0.690646763155	-1	1
0.000612712554254	0.898095676972	1	1
0.0643407544303	0.631303622904	1	1
0.702539255849	0.474228456823	-1	-1
0.815295979164	0.53641572555	-1	-1
0.328878338879	0.411604690925	1	1
0.669536439383	0.9762257669	-1	-1
0.221573006208	0.0464993009303	-1	-1
0.941141215129	0.290926126648	-1	-1
0.0176473918549	0.614519013801	1	1
0.184908241769	0.214252688169	1	1
0.423388686273	0.753579206704	-1	1
0.388336961476	0.76722984109	1	-1
0.294762731883	0.855455976902	-1	1
0.131188368596	0.993349080909	-1	1
0.420720632459	0.397051007444	-1	-1
0.38523207515	0.656942491325	1	1
0.646440066094	0.791087980803	1	-1
0.639443735912	0.0323153617016	-1	-1
0.349242462763	0.304504165466	1	-1
0.865646626476	0.299607141828	1	-1
0.429067271567	0.178137124014	-1	-1
0.237739737632	0.693432032979	1	1
0.101777864195	0.106817976661	-1	-1
0.644508756032	0.143115312576	1	-1
0.22749984306	0.0301520805793	1	-1
0.748933851485	0.244447311547	-1	-1
0.441230810771	0.50822946353	1	-1
0.804346280571	0.838831171408	1	-1
0.909880007643	0.625810117725	-1	-1
0.474702262189	0.171132214392	-1	-1
0.154075009148	0.434343222457	1	1
0.534204925637	0.390935928881	1	-1
0.98203093994	0.497084551422	1	-1
0.366783194692	0.122505490577	-1	-1
0.491130342043	0.752121473873	-1	1
0.542433979787	0.844503841563	-1	-1
0.239825182616	0.691976185442	1	1
0.202904162737	0.850410578906	-1	1
0.980061210157	0.819362931044	1	-1
0.258865289488	0.736375766243	1	1
0.700769569766	0.27261132098	-1	-1
0.0695659428919	0.322611112031	1	1
0.846044688296	0.177140617272	1	-1
0.915477518249	0.368512728281	-1	-1
0.245084199563	0.0262978176238	1	-1
0.716703720591	0.248380980831	-1	-1
0.324078204527	0.032096344438	-1	-1
0.995811944108	0.490534818995	-1	-1
0.44629527293	0.504707650222	1	-1
0.63964454879	0.965586951339	1	-1
0.231358901868	0.173773233719	1	-1
0.613550356569	0.693680964467	-1	-1
0.237539406597	0.814216823067	-1	1
0.924317644729	0.981410598663	-1	-1
0.695638885725	0.0247707509749	-1	-1
0.641726577268	0.953880944296	-1	-1
0.0783389113325	0.664900612116	1	1
0.288954247188	0.230872831491	-1	-1
0.992646442297	0.712136353858	-1	-1
0.860733651027	0.696044976044	1	-1
0.791935064456	0.590861882808	1	-1
0.369113201956	0.917810243114	1	1
0.716585587597	0.0726236676717	1	-1
0.794558191533	0.524585759713	1	-1
0.700923440084	0.989533665215	-1	1
0.481800354776	0.133858970228	-1	-1
0.804917833706	0.008316836463	-1	-1
0.572139410412	0.502308961723	-1	-1
0.472865086775	0.626537374659	1	-1
0.770774267719	0.828606483013	-1	-1
0.0524504154358	0.309001134647	-1	1
0.280891869388	0.676072697265	-1	1
0.614923337376	0.153423219192	-1	-1
0.351997000991	0.852467089743	-1	1
0.992613702307	0.274908491956	-1	-1
0.0880731069535	0.725284223689	-1	1
0.275607914402	0.989266161695	-1	1
0.662194770817	0.367792717395	1	-1
0.0364078709235	0.45773445898	-1	1
0.862826317114	0.453130984688	1	-1
0.939692813994	0.774512497534	-1	-1
0.519751569976	0.306388083119	1	-1
0.667827722734	0.418243300787	-1	-1
0.0885664360842	0.1445569579	-1	-1
0.299335675706	0.395842080232	-1	-1
0.971595721702	0.150449358943	1	-1
0.500203479884	0.543591888409	1	-1
0.351093156653	0.142601009653	1	-1
0.926320388837	0.832029483145	-1	-1
0.452053044898	0.900514220082	-1	1
0.821089669391	0.200753641853	1	-1
0.405953803373	0.951343904517	1	1
0.601767361774	0.846037552988	-1	1
0.426264921315	0.22762041528	1	-1
0.795352726912	0.138105162981	1	-1
0.235762606866	0.956781665761	1	1
0.177081205134	0.217321272875	-1	1
0.283418256547	0.765876106888	1	1
0.2171561756	0.0317663598852	1	1
0.260077648408	0.216183245754	1	1
0.335378750697	0.324033978014	1	-1
0.78157031393	0.727959476786	1	-1
0.230131562902	0.909316686188	-1	1
0.102233530049	0.388827602791	1	1
0.610239599645	0.929077120967	1	1
0.158258348745	0.912344347295	-1	1
0.126979038416	0.0207397224219	1	-1
0.601033186457	0.326781719554	-1	-1
0.347951447002	0.430139543171	-1	-1
0.540688317178	0.490593428595	-1	-1
0.0818599577358	0.970069061258	1	1
0.195022300068	0.599594738624	-1	1
0.450714223361	0.677586302028	-1	1
0.390558210573	0.964347589759	1	1
0.970110536067	0.707559557691	1	-1
0.673850863387	0.673894948858	1	-1
0.208281670027	0.54937810192	-1	1
0.855857050775	0.868038065119	-1	-1
0.271853299138	0.781686823806	1	1
0.225743807928	0.321444449667	-1	-1
0.314199815602	0.863299260004	-1	1
0.406445136718	0.750043491206	1	1
0.342354298219	0.484405129522	1	-1
0.691771760345	0.852587858277	1	-1
0.497870594197	0.0171122048932	1	-1
0.947823084105	0.690894314679	1	-1
0.0481774917828	0.396892853796	-1	1
0.965721591541	0.494694678462	1	-1
0.0503106718886	0.012580092111	-1	-1
0.353517407278	0.601046430534	-1	-1
0.964344557552	0.0561940864787	-1	-1
0.888800687448	0.694829450709	-1	-1
0.349458154983	0.36587881679	1	-1
0.238078941164	0.34829480457	-1	1
0.552744389778	0.193617778933	1	-1
0.25431257067	0.703208109578	-1	1
0.498677097435	0.0544536438465	-1	-1
0.616923878465	0.893152546582	1	-1
0.616635795875	0.888608907264	1	1
0.69508304919	0.0187804768171	-1	-1
0.743018736507	0.634918103952	-1	-1
0.431387810412	0.16391462776	-1	-1
0.245725466589	0.25961927651	1	1
0.474443650853	0.713087325751	-1	-1
0.368954396042	0.884922959533	-1	1
0.714266249925	0.709064415237	1	-1
0.671652779731	0.313796931676	-1	-1
0.312247429262	0.0372026349909	-1	-1
0.957871849645	0.201060364873	1	-1
0.814184001963	0.476859997434	-1	-1
0.0926269997116	0.53852987481	1	1
0.540028850608	0.281690477583	1	-1
0.446794330086	0.717414770398	-1	1
0.797978874577	0.382266752819	-1	-1
0.107384378899	0.802769793578	1	1
0.767643360921	0.753637939951	1	-1
0.659811571099	0.186149248318	-1	-1
0.0944790386889	0.306889170177	1	1
0.311787514796	0.961898036766	1	1
0.39312100836	0.917205603099	1	1
0.621409079622	0.958109422915	-1	1
0.971744269696	0.858654154639	1	-1
0.580197401202	0.235456879968	1	-1
0.341949145137	0.0664752642448	-1	-1
0.196900472766	0.391129135869	1	1
0.274246539317	0.746560415231	-1	1
0.667918577945	0.157601973017	1	-1
0.360666497839	0.403448633303	1	-1
0.224032672066	0.646643405997	1	1
0.519584839706	0.347546726626	-1	-1
0.412174122046	0.086130508596	-1	-1
0.609679986025	0.0930202223038	-1	-1
0.877077605787	0.209612848161	-1	-1
0.0682765239812	0.150726243565	1	1
0.938611790687	0.547019920941	-1	-1
0.586937160153	0.414263988986	1	-1
0.56734954337	0.079942988246	-1	-1
0.474921986238	0.606095944292	1	1
0.0937669909433	0.0375039475895	1	-1
0.650488788962	0.306587870559	-1	-1
0.300130695212	0.725647874401	1	1
0.66762723927	0.854822717116	1	1
0.44371530138	0.965497477831	1	1
0.302020794076	0.0493539822062	-1	-1
0.196708809328	0.598556914887	-1	1
0.515506403101	0.153543643646	1	-1
0.228226297985	0.971553572643	1	1
0.363915130367	0.492070609687	1	1
