1.140337737670496510e-01
-2.233282180511131809e+00
-1.943700956316675443e-01
8.871058492664085637e-01
8.845719350096183931e-01
3.602464830599458878e-01
-1.472331982059612354e+00
-2.458942827152867938e-01
-8.132153980081817668e-01
4.250246200698908350e-01
-1.939904538253514332e-01
-3.261911555420894171e+00
4.306554014596366109e+00
2.228196534619226732e+00
-8.085479929541224964e-01
-1.281281594549279923e+00
-6.581568276949358864e-01
-4.065594364417973727e-02
-2.496115979085982983e-01
-4.495223385181874587e-01
4.531392782802485392e-02
-6.792680678982452314e-01
-3.029452389243704746e-01
3.819198579912204572e+00
-1.093954094853814896e+00
1.837960606374938966e+00
-7.625988327395042177e+00
-9.653307755222831910e-01
-2.433399056256409398e+00
3.255979014575430153e+00
-9.519316980495671210e-01
1.061512175770824351e+00
5.598782138184562607e-01
-1.183803794249890018e+00
-2.049594811079304080e+00
-1.637548426504709109e+00
5.358319383765796085e-01
5.359203318923222437e-01
2.781952133337767030e+00
1.625453823374414686e+00
-4.997420563818746331e-01
-1.075607322350511819e+00
3.464258641238588399e-01
-4.263607783081823754e+00
1.648454086259724255e-02
-1.142232276504523969e-01
-3.779057250650004196e-01
-8.799746541920878684e-01
-1.387196161092180802e+00
4.494230188101139056e+00
1.459063039842476428e+00
-1.758157956051747961e-01
6.402072762038281128e-01
-1.074736119819472702e+00
-6.865003210289157831e-01
9.124814565831518287e-02
-2.038050522367000628e-01
1.773532418242544484e+00
1.857596724095530449e-01
7.160849569553889848e-01
6.624078470645389238e-01
-3.203587727293385257e+00
1.108327061105448097e+00
-2.570504525778755656e-01
-5.217162931080931987e-01
5.340438804584502819e+00
9.368058377144992122e-01
5.029919149424968428e-01
5.402128995645605336e-01
2.059285385748086838e+00
-8.394315358727119647e-02
8.923652364652114866e-01
1.737476955311609172e+00
8.053191260293779408e-01
4.874694002909166990e+00
1.019279989803581810e+00
-1.081329170349643487e+00
-3.791080459456008800e+00
-7.670654052893535191e-01
-7.041307159774233826e-01
-3.413376052809923844e-01
-2.874309890366834597e-01
-7.523484525148672608e-01
-8.051164813605439230e-01
1.636834291950471032e+00
3.413686827799926604e+00
1.556889608798271096e+00
7.635788347025199707e-01
9.230512075686910123e+00
-1.515700890907195619e-01
-2.071161239054748054e-02
3.645301352692278396e-01
-2.388375582740845104e-01
1.774253840163154683e+00
-9.345228203183877369e-01
-8.809605644105812372e-01
3.486389251939953082e-01
9.718405814882138949e-02
1.323393381064831731e+00
-1.141098387797117475e+00
